0,68.4,78.4,180,175,75,75,65,95.9
68.4,0,38.4,188.4,181.7,27.5,27.5,10,75
78.4,38.4,0,155,155.9,12.5,12.5,30,38.4
180,188.4,155,0,5,165,165,170,117.5
175,181.7,155.9,5,0,160,160,165,112.5
75,27.5,12.5,165,160,0,5,18.4,50
75,27.5,12.5,165,160,5,0,18.4,50
65,10,30,170,165,18.4,18.4,0,65
95.9,75,38.4,117.5,112.5,50,50,65,0
